       N       E                     dE             d eps       ncg     rms          rms(c)
DAV:   1     0.121617591197E+05    0.12162E+05   -0.26779E+05  4416   0.152E+03
DAV:   2     0.172892931445E+04   -0.10433E+05   -0.10174E+05  5192   0.522E+02
